011111111111100000000000000000000000000000000000
101000000000111000000000000000000000000000000000
110100000000001110000000000000000000000000000000
101010000000000011000000000000000000000000000000
100101000000000001100000000000000000000000000000
100010100000000000111000000000000000000000000000
100001010000000000001100000000000000000000000000
100000101000000000000110000000000000000000000000
100000010100000000000011100000000000000000000000
100000001010000000000000110000000000000000000000
100000000101000000000000011000000000000000000000
100000000010100000000000001111000000000000000000
110000000001010000000000000001100000000000000000
010000000000101000000000000000110000000000000000
011000000000010100000000000000011100000000000000
001000000000001010000000000000000110000000000000
001100000000000101000000000000000011000000000000
000110000000000010100000000000000001100000000000
000011000000000001010000000000000000110000000000
000001000000000000101000000000000000011000000000
000001100000000000010100000000000000001110000000
000000110000000000001010000000000000000011000000
000000011000000000000101000000000000000001100000
000000001000000000000010100000000000000000110000
000000001100000000000001010000000000000000011100
000000000110000000000000101000000000000000000110
000000000011000000000000010100000000000000000011
000000000001000000000000001010000000000000000001
000000000001000000000000000101000000000000000000
000000000001100000000000000010100000000000000000
000000000000110000000000000001010000000000000000
000000000000011000000000000000101000000000000000
000000000000001000000000000000010100000000000000
000000000000001100000000000000001010000000000000
000000000000000110000000000000000101000000000000
000000000000000011000000000000000010100000000000
000000000000000001100000000000000001010000000000
000000000000000000110000000000000000101000000000
000000000000000000011000000000000000010100000000
000000000000000000001000000000000000001010000000
000000000000000000001100000000000000000101000000
000000000000000000000110000000000000000010100000
000000000000000000000011000000000000000001010000
000000000000000000000001100000000000000000101000
000000000000000000000000100000000000000000010100
000000000000000000000000110000000000000000001010
000000000000000000000000011000000000000000000101
000000000000000000000000001100000000000000000010
