13,86
115,17
218,86
179,199
51,198
78,164
113,165
150,164
113,142
138,124
162,132
128,98
171,102
141,81
115,62
57,102
84,84
68,135
89,125
98,99
-
01001000000000010000
10100000000000100000
01010000000010000000
00101001000000000000
10010100000000000000
00001010000000000100
00000101100000000000
00010010001000000000
00000010010000000010
00000000101100000000
00000001010010000000
00000000010001000001
00100000001001000000
00000000000110100000
01000000000001001000
10000000000000001100
00000000000000110001
00000100000000010010
00000000100000000101
00000000000100001010
-