010000000000000001000000000000000000
101010000000000000000000000000000000
010101000000000000000000000000000000
001000000000000000100000000000000010
010001000100000001000000000000000000
001010000000000000101000000000000000
000000010010000000001100000000000000
000000101001000000000000001000000000
000000010000100000000000000100000000
000010000010000010001000000000000000
000000100101000100000000000000000000
000000010010110000000000000000000000
000000001001001000000000000000000000
000000000001001100000000000000000000
000000000000110000000000000000000000
000000000010010010000000000000000000
000000000100000101000000000000000000
100010000000000010000000000000000000
000101000000000000010010000000000000
000000000000000000101101000000000000
000001100100000000010000000000000000
000000100000000000010000101000000000
000000000000000000100001000010000010
000000000000000000010010100001000000
000000000000000000000101000000100100
000000000000000000000000000100001100
000000010000000000000100000100000100
000000001000000000000000011000000000
000000000000000000000010000001000001
000000000000000000000001000010100000
000000000000000000000000100001010000
000000000000000000000000000000101100
000000000000000000000000010000010000
000000000000000000000000111000010000
000100000000000000000010000000000001
000000000000000000000000000010000010
