00000000010000000001100000000000
00000000000001000000000000011000
00000000000000001000000100000001
00000000000000000000000110000000
00000000001000000110010000000000
00000000100000000100011000000000
00000000000000100000000001100100
00000000000010000000000001000110
00000100000000001100001000000000
10000000000000000011100000000000
00001000000000000010110000000000
00000000000000000000001100000000
00000001000000000000000011000010
01000000000000000000000000111000
00000010000000000000000000101100
00000000000000000000000010000011
00100000100000000000000000000000
00001100100000000000010000000000
00001000011000000000100000000000
10000000010000000000000000000000
10000000011000000010000000000000
00001100001000000100000000000000
00000100100100000000000000000000
00110000000100000000000000000000
00010000000010010000000000000010
00000011000010000000000000000100
00000010000001100000000000001000
01000000000001000000000000000000
01000000000001100000000000100000
00000011000000100000000001000000
00000001000010010000000010000000
00100000000000010000000000000000
