00000000000000110000000000000000
00000000000000000000110000000110
00000000000010000000000100000001
00000000000000000110000000010000
00000000000011000000000000000000
00000000000001100000000000000000
00000000000000011000000000000000
00000000000000001100000000000000
00000000000000000011000000000000
00000000000000000001100000000100
00000000000000000000011000000000
00000000000000000000001100000001
00101000000000000000000000000000
00001100000000000000000000000001
10000100000000000000000010000000
10000010000000000000000001000000
00000011000000000000000000100000
00010001000000000000000000101000
00010000100000000000000000000000
00000000110000000000000000010000
01000000010000000000000000000000
01000000001000000000000000000000
00000000001100000000000000000010
00100000000100000000000000000000
00000000000000100000000001000000
00000000000000010000000010001000
00000000000000001100000000000000
00010000000000000001000000001100
00000000000000000100000001010011
01000000010000000000000000010000
01000000000000000000001000001000
00100000000101000000000000001000
