0110000000000000000000000000000000000000000000000000000000000000000000000000000000000000000000000000000000000000000000000000000
1001100000000000000000000000000000000000000000000000000000000000000000000000000000000000000000000000000000000000000000000000000
1000011000000000000000000000000000000000000000000000000000000000000000000000000000000000000000000000000000000000000000000000000
0100000110000000000000000000000000000000000000000000000000000000000000000000000000000000000000000000000000000000000000000000000
0100000001100000000000000000000000000000000000000000000000000000000000000000000000000000000000000000000000000000000000000000000
0010000000011000000000000000000000000000000000000000000000000000000000000000000000000000000000000000000000000000000000000000000
0010000000000110000000000000000000000000000000000000000000000000000000000000000000000000000000000000000000000000000000000000000
0001000000000001100000000000000000000000000000000000000000000000000000000000000000000000000000000000000000000000000000000000000
0001000000000000011000000000000000000000000000000000000000000000000000000000000000000000000000000000000000000000000000000000000
0000100000000000000110000000000000000000000000000000000000000000000000000000000000000000000000000000000000000000000000000000000
0000100000000000000001100000000000000000000000000000000000000000000000000000000000000000000000000000000000000000000000000000000
0000010000000000000000011000000000000000000000000000000000000000000000000000000000000000000000000000000000000000000000000000000
0000010000000000000000000110000000000000000000000000000000000000000000000000000000000000000000000000000000000000000000000000000
0000001000000000000000000001100000000000000000000000000000000000000000000000000000000000000000000000000000000000000000000000000
0000001000000000000000000000011000000000000000000000000000000000000000000000000000000000000000000000000000000000000000000000000
0000000100000000000000000000000110000000000000000000000000000000000000000000000000000000000000000000000000000000000000000000000
0000000100000000000000000000000001100000000000000000000000000000000000000000000000000000000000000000000000000000000000000000000
0000000010000000000000000000000000011000000000000000000000000000000000000000000000000000000000000000000000000000000000000000000
0000000010000000000000000000000000000110000000000000000000000000000000000000000000000000000000000000000000000000000000000000000
0000000001000000000000000000000000000001100000000000000000000000000000000000000000000000000000000000000000000000000000000000000
0000000001000000000000000000000000000000011000000000000000000000000000000000000000000000000000000000000000000000000000000000000
0000000000100000000000000000000000000000000110000000000000000000000000000000000000000000000000000000000000000000000000000000000
0000000000100000000000000000000000000000000001100000000000000000000000000000000000000000000000000000000000000000000000000000000
0000000000010000000000000000000000000000000000011000000000000000000000000000000000000000000000000000000000000000000000000000000
0000000000010000000000000000000000000000000000000110000000000000000000000000000000000000000000000000000000000000000000000000000
0000000000001000000000000000000000000000000000000001100000000000000000000000000000000000000000000000000000000000000000000000000
0000000000001000000000000000000000000000000000000000011000000000000000000000000000000000000000000000000000000000000000000000000
0000000000000100000000000000000000000000000000000000000110000000000000000000000000000000000000000000000000000000000000000000000
0000000000000100000000000000000000000000000000000000000001100000000000000000000000000000000000000000000000000000000000000000000
0000000000000010000000000000000000000000000000000000000000011000000000000000000000000000000000000000000000000000000000000000000
0000000000000010000000000000000000000000000000000000000000000110000000000000000000000000000000000000000000000000000000000000000
0000000000000001000000000000000000000000000000000000000000000001100000000000000000000000000000000000000000000000000000000000000
0000000000000001000000000000000000000000000000000000000000000000011000000000000000000000000000000000000000000000000000000000000
0000000000000000100000000000000000000000000000000000000000000000000110000000000000000000000000000000000000000000000000000000000
0000000000000000100000000000000000000000000000000000000000000000000001100000000000000000000000000000000000000000000000000000000
0000000000000000010000000000000000000000000000000000000000000000000000011000000000000000000000000000000000000000000000000000000
0000000000000000010000000000000000000000000000000000000000000000000000000110000000000000000000000000000000000000000000000000000
0000000000000000001000000000000000000000000000000000000000000000000000000001100000000000000000000000000000000000000000000000000
0000000000000000001000000000000000000000000000000000000000000000000000000000011000000000000000000000000000000000000000000000000
0000000000000000000100000000000000000000000000000000000000000000000000000000000110000000000000000000000000000000000000000000000
0000000000000000000100000000000000000000000000000000000000000000000000000000000001100000000000000000000000000000000000000000000
0000000000000000000010000000000000000000000000000000000000000000000000000000000000011000000000000000000000000000000000000000000
0000000000000000000010000000000000000000000000000000000000000000000000000000000000000110000000000000000000000000000000000000000
0000000000000000000001000000000000000000000000000000000000000000000000000000000000000001100000000000000000000000000000000000000
0000000000000000000001000000000000000000000000000000000000000000000000000000000000000000011000000000000000000000000000000000000
0000000000000000000000100000000000000000000000000000000000000000000000000000000000000000000110000000000000000000000000000000000
0000000000000000000000100000000000000000000000000000000000000000000000000000000000000000000001100000000000000000000000000000000
0000000000000000000000010000000000000000000000000000000000000000000000000000000000000000000000011000000000000000000000000000000
0000000000000000000000010000000000000000000000000000000000000000000000000000000000000000000000000110000000000000000000000000000
0000000000000000000000001000000000000000000000000000000000000000000000000000000000000000000000000001100000000000000000000000000
0000000000000000000000001000000000000000000000000000000000000000000000000000000000000000000000000000011000000000000000000000000
0000000000000000000000000100000000000000000000000000000000000000000000000000000000000000000000000000000110000000000000000000000
0000000000000000000000000100000000000000000000000000000000000000000000000000000000000000000000000000000001100000000000000000000
0000000000000000000000000010000000000000000000000000000000000000000000000000000000000000000000000000000000011000000000000000000
0000000000000000000000000010000000000000000000000000000000000000000000000000000000000000000000000000000000000110000000000000000
0000000000000000000000000001000000000000000000000000000000000000000000000000000000000000000000000000000000000001100000000000000
0000000000000000000000000001000000000000000000000000000000000000000000000000000000000000000000000000000000000000011000000000000
0000000000000000000000000000100000000000000000000000000000000000000000000000000000000000000000000000000000000000000110000000000
0000000000000000000000000000100000000000000000000000000000000000000000000000000000000000000000000000000000000000000001100000000
0000000000000000000000000000010000000000000000000000000000000000000000000000000000000000000000000000000000000000000000011000000
0000000000000000000000000000010000000000000000000000000000000000000000000000000000000000000000000000000000000000000000000110000
0000000000000000000000000000001000000000000000000000000000000000000000000000000000000000000000000000000000000000000000000001100
0000000000000000000000000000001000000000000000000000000000000000000000000000000000000000000000000000000000000000000000000000011
0000000000000000000000000000000100000000000000000000000000000000000000000000000000000000000000000000000000000000000000000000000
0000000000000000000000000000000100000000000000000000000000000000000000000000000000000000000000000000000000000000000000000000000
0000000000000000000000000000000010000000000000000000000000000000000000000000000000000000000000000000000000000000000000000000000
0000000000000000000000000000000010000000000000000000000000000000000000000000000000000000000000000000000000000000000000000000000
0000000000000000000000000000000001000000000000000000000000000000000000000000000000000000000000000000000000000000000000000000000
0000000000000000000000000000000001000000000000000000000000000000000000000000000000000000000000000000000000000000000000000000000
0000000000000000000000000000000000100000000000000000000000000000000000000000000000000000000000000000000000000000000000000000000
0000000000000000000000000000000000100000000000000000000000000000000000000000000000000000000000000000000000000000000000000000000
0000000000000000000000000000000000010000000000000000000000000000000000000000000000000000000000000000000000000000000000000000000
0000000000000000000000000000000000010000000000000000000000000000000000000000000000000000000000000000000000000000000000000000000
0000000000000000000000000000000000001000000000000000000000000000000000000000000000000000000000000000000000000000000000000000000
0000000000000000000000000000000000001000000000000000000000000000000000000000000000000000000000000000000000000000000000000000000
0000000000000000000000000000000000000100000000000000000000000000000000000000000000000000000000000000000000000000000000000000000
0000000000000000000000000000000000000100000000000000000000000000000000000000000000000000000000000000000000000000000000000000000
0000000000000000000000000000000000000010000000000000000000000000000000000000000000000000000000000000000000000000000000000000000
0000000000000000000000000000000000000010000000000000000000000000000000000000000000000000000000000000000000000000000000000000000
0000000000000000000000000000000000000001000000000000000000000000000000000000000000000000000000000000000000000000000000000000000
0000000000000000000000000000000000000001000000000000000000000000000000000000000000000000000000000000000000000000000000000000000
0000000000000000000000000000000000000000100000000000000000000000000000000000000000000000000000000000000000000000000000000000000
0000000000000000000000000000000000000000100000000000000000000000000000000000000000000000000000000000000000000000000000000000000
0000000000000000000000000000000000000000010000000000000000000000000000000000000000000000000000000000000000000000000000000000000
0000000000000000000000000000000000000000010000000000000000000000000000000000000000000000000000000000000000000000000000000000000
0000000000000000000000000000000000000000001000000000000000000000000000000000000000000000000000000000000000000000000000000000000
0000000000000000000000000000000000000000001000000000000000000000000000000000000000000000000000000000000000000000000000000000000
0000000000000000000000000000000000000000000100000000000000000000000000000000000000000000000000000000000000000000000000000000000
0000000000000000000000000000000000000000000100000000000000000000000000000000000000000000000000000000000000000000000000000000000
0000000000000000000000000000000000000000000010000000000000000000000000000000000000000000000000000000000000000000000000000000000
0000000000000000000000000000000000000000000010000000000000000000000000000000000000000000000000000000000000000000000000000000000
0000000000000000000000000000000000000000000001000000000000000000000000000000000000000000000000000000000000000000000000000000000
0000000000000000000000000000000000000000000001000000000000000000000000000000000000000000000000000000000000000000000000000000000
0000000000000000000000000000000000000000000000100000000000000000000000000000000000000000000000000000000000000000000000000000000
0000000000000000000000000000000000000000000000100000000000000000000000000000000000000000000000000000000000000000000000000000000
0000000000000000000000000000000000000000000000010000000000000000000000000000000000000000000000000000000000000000000000000000000
0000000000000000000000000000000000000000000000010000000000000000000000000000000000000000000000000000000000000000000000000000000
0000000000000000000000000000000000000000000000001000000000000000000000000000000000000000000000000000000000000000000000000000000
0000000000000000000000000000000000000000000000001000000000000000000000000000000000000000000000000000000000000000000000000000000
0000000000000000000000000000000000000000000000000100000000000000000000000000000000000000000000000000000000000000000000000000000
0000000000000000000000000000000000000000000000000100000000000000000000000000000000000000000000000000000000000000000000000000000
0000000000000000000000000000000000000000000000000010000000000000000000000000000000000000000000000000000000000000000000000000000
0000000000000000000000000000000000000000000000000010000000000000000000000000000000000000000000000000000000000000000000000000000
0000000000000000000000000000000000000000000000000001000000000000000000000000000000000000000000000000000000000000000000000000000
0000000000000000000000000000000000000000000000000001000000000000000000000000000000000000000000000000000000000000000000000000000
0000000000000000000000000000000000000000000000000000100000000000000000000000000000000000000000000000000000000000000000000000000
0000000000000000000000000000000000000000000000000000100000000000000000000000000000000000000000000000000000000000000000000000000
0000000000000000000000000000000000000000000000000000010000000000000000000000000000000000000000000000000000000000000000000000000
0000000000000000000000000000000000000000000000000000010000000000000000000000000000000000000000000000000000000000000000000000000
0000000000000000000000000000000000000000000000000000001000000000000000000000000000000000000000000000000000000000000000000000000
0000000000000000000000000000000000000000000000000000001000000000000000000000000000000000000000000000000000000000000000000000000
0000000000000000000000000000000000000000000000000000000100000000000000000000000000000000000000000000000000000000000000000000000
0000000000000000000000000000000000000000000000000000000100000000000000000000000000000000000000000000000000000000000000000000000
0000000000000000000000000000000000000000000000000000000010000000000000000000000000000000000000000000000000000000000000000000000
0000000000000000000000000000000000000000000000000000000010000000000000000000000000000000000000000000000000000000000000000000000
0000000000000000000000000000000000000000000000000000000001000000000000000000000000000000000000000000000000000000000000000000000
0000000000000000000000000000000000000000000000000000000001000000000000000000000000000000000000000000000000000000000000000000000
0000000000000000000000000000000000000000000000000000000000100000000000000000000000000000000000000000000000000000000000000000000
0000000000000000000000000000000000000000000000000000000000100000000000000000000000000000000000000000000000000000000000000000000
0000000000000000000000000000000000000000000000000000000000010000000000000000000000000000000000000000000000000000000000000000000
0000000000000000000000000000000000000000000000000000000000010000000000000000000000000000000000000000000000000000000000000000000
0000000000000000000000000000000000000000000000000000000000001000000000000000000000000000000000000000000000000000000000000000000
0000000000000000000000000000000000000000000000000000000000001000000000000000000000000000000000000000000000000000000000000000000
0000000000000000000000000000000000000000000000000000000000000100000000000000000000000000000000000000000000000000000000000000000
0000000000000000000000000000000000000000000000000000000000000100000000000000000000000000000000000000000000000000000000000000000
0000000000000000000000000000000000000000000000000000000000000010000000000000000000000000000000000000000000000000000000000000000
0000000000000000000000000000000000000000000000000000000000000010000000000000000000000000000000000000000000000000000000000000000
-